Codici con solo il file .log:
8980
1413
5387
7485
1472
4438
5762
8822
7202
11120
5300
5140
6906
6370
7533
10646
8495
596
458
6648
9480
11989
8077
11706
6979
11959
6532
7747
2941
9719
5705
4715
8051
2690
1591
6447
1645
7187
6198
5712
7313
5954
586
5996
9140
1467
10903
1177
2712
10551
8512
6146
577
10192
6704
11908
9673
11320
8384
6411
4485
11783
4109
4152
6878
4677
10048
1641
6224
2180
1936
4817
2047
2750
9103
9617
6143
11865
6047
7418
8635
6021
7996
7644
5014
11903
9895
6599
3408
2466
10584
6843
9197
9389
11140
463
4954
