10001

10067

10073

10084

1008

10120

10128

10135

10210

10217

10222

10223

10251

10262

10292

10298

10303

10333

10354

10380

10384

10386

10417

10422

10428

10435

10465

10467

10472

1047

1048

10538

10549

10564

10588

10594

10618

1061

10628

10644

10648

10667

10682

10713

10734

10739

1073

1074

10757

10766

10770

10777

10793

10814

10827

10873

10889

10894

1089

10908

10909

10917

10944

10947

10955

10987

10991

10997

109

11002

11068

11073

11114

11127

11170

11197

11204

1123

11264

11281

11304

11306

11307

11312

11351

11362

1136

11371

11378

11381

11397

11456

11467

11468

11484

11504

11506

11530

11538

1155

11576

11587

11635

11663

1166

11675

11684

11702

11722

11742

11761

11772

11777

11780

11804

11858

11881

11918

11923

11940

11987

11990

12000

12025

1263

126

1295

1301

1324

1326

1352

1363

1381

1411

1421

1422

1423

1427

1429

1431

1448

144

1459

145

147

1482

1497

1531

1539

1541

1542

1557

1584

1594

1614

1639

1650

1702

170

1834

1842

1851

1857

1868

1889

1895

1908

1981

1990

2009

2027

2048

2054

205

207

2094

2103

2105

2150

2162

2170

2176

218

2201

221

2224

222

2269

2309

2326

2363

2384

2409

2416

241

2434

2443

2454

2477

2497

2504

2509

2518

2527

2600

2610

2616

2625

2628

2650

2696

2697

269

2726

2737

2805

2824

282

2880

28

2938

2942

2959

2974

3004

301

3029

3127

3131

3138

3143

3147

3201

3212

3215

3219

3246

3304

3321

3324

3336

3352

3362

3379

3380

338

3446

3454

3458

3481

3499

3527

3548

3562

3584

3669

366

3722

374

3751

3801

3823

3839

3851

3896

3905

3912

3950

3952

3988

3989

3996

4028

404

4053

4057

4075

4138

4143

4175

4190

4195

4202

4207

420

421

4237

4252

4253

4262

4285

4286

4287

4326

4331

4385

4388

4436

4450

4460

4463

4482

4503

451

4523

4532

456

4577

4616

4628

4634

4646

464

4674

4682

4683

4699

4712

4727

4732

4764

4765

4770

4771

4824

4845

4855

486

488

4946

495

5007

5014

5057

5060

5062

5069

5070

5093

5128

517

5193

5201

5206

5225

5226

5236

5254

5295

5297

5301

5310

5319

5335

5365

5421

5426

5439

5443

5447

5461

5463

5466

547

5489

5515

5522

5525

5534

555

5561

5600

5634

5641

5648

5657

5671

5697

5727

5735

5740

5741

5748

5752

5781

5784

5820

5826

5832

5837

5851

5860

5863

5878

5898

5902

5912

5929

5945

5959

5964

5980

6006

6038

6051

6055

6063

6069

6072

6074

6075

6084

6089

6090

6119

6127

6129

612

6141

614

6150

6158

6172

6175

61

6200

6212

6232

6240

6249

6283

6295

6324

6327

6334

6347

634

6389

640

6431

6448

6449

6450

6462

646

6472

6495

6517

6531

6533

6544

6550

6579

6611

6615

6629

6633

6635

6648

6653

6671

6674

6712

673

6782

6802

6805

6836

6851

6868

6877

6878

6892

6896

6901

6911

6924

6926

6932

6934

693

6947

6952

6971

6984

6998

7002

7004

7013

7014

7015

701

7021

7037

7063

7077

7092

7109

7113

7115

7119

7124

7150

7194

719

7208

7213

7221

7233

723

7265

7364

7415

7419

7429

7438

744

750

754

7557

7563

7564

7599

7604

7623

7653

7662

7671

7681

7685

7702

7723

7770

7790

7798

779

7803

7819

7823

7828

7842

7921

7938

7965

7976

7982

7990

802

8033

8057

805

8066

8069

8090

8098

8113

8141

8161

8174

8181

8184

8196

821

822

8248

8284

8315

8323

8391

8439

8457

8523

8526

852

8537

8544

8558

8559

8565

8576

8585

8598

8623

8664

869

8706

8737

874

8756

8766

8785

8789

8805

8819

8838

8855

8874

8875

8878

8923

8924

8944

8968

8978

8

9003

9009

9032

9038

9045

904

9065

906

9080

9086

9109

9155

9166

9192

9199

9227

9274

9298

9302

9307

9337

9408

9433

9463

946

9483

9501

9517

9522

9534

9538

9549

9563

9610

9614

9618

9649

964

9683

9687

9703

9738

973

9741

975

9762

9792

9847

9848

9871

9875

9923

9932

9999

